vgr : 0.517164609528204
vga : 0.6235174781523096
coco-order : 0.49980261935723574
